configs = {
    # task name

    'random order-10': {
        'elements': ['Pd', 'Pt', 'Cu'],
        'task_list': [
              [0, 0, 1],
              [2, 1, 0],
              [5, 5, 1],
              [1, 0, 0],
              [1, 2, 0],
              [1, 1, 1],
              [1, 1, 10],
              [2, 0, 1],
              [10, 1, 1],
              [1, 0, 2],
        ]
    },

    'benchmark': {
        'elements': ['Pd', 'Pt', 'Cu'],
        'task_list': [
            [1, 0, 0],
            # [1, 1, 0],

        ]
    },

    'normal order-10': {
        'elements': ['Pd', 'Pt', 'Cu'],
        'task_list': [
             [1, 0, 0],
             [2, 1, 0],
             [1, 2, 0],
             [0, 0, 1],
             [1, 0, 2],
             [2, 0, 1],
             [1, 1, 1],
             [10, 1, 1],
             [1, 1, 10],
             [5, 5, 1],
        ]
    },

    
    'normal order-19': {
        'elements': ['Pd', 'Pt', 'Cu'],
        'task_list': [
            [1, 0, 0],
            [2, 1, 0],
            [1, 2, 0],
            [0, 1, 0],
            [0, 2, 1],
            [0, 1, 2],
            [0, 0, 1],
            [1, 0, 2],
            [2, 0, 1],
            [1, 1, 1],
            [1, 1, 0],
            [1, 0, 1],
            [0, 1, 1],
            [10, 1, 1],
            [1, 10, 1],
            [1, 1, 10],
            [5, 5, 1],
            [5, 1, 5],
            [1, 5, 5],
        ]
    },
    
    'random order-19': {
        'elements': ['Pd', 'Pt', 'Cu'],
        'task_list': [
            [0, 0, 1],
            [1, 0, 1],
            [0, 1, 0],
            [1, 5, 5],
            [0, 1, 2],
            [1, 10, 1],
            [1, 1, 0],
            [0, 2, 1],
            [0, 1, 1],
            [1, 1, 10],
            [5, 5, 1],
            [1, 0, 0],
            [1, 2, 0],
            [1, 1, 1],
            [5, 1, 5],
            [2, 0, 1],
            [10, 1, 1],
            [2, 1, 0],
            [1, 0, 2],


        ]
    },

    'co2_BiSn': {
        'elements': ['Bi', 'Sn'],
        'task_list': [
            [1, 0],
            [9, 1],
            [1, 1],
            [1, 9],
            [0, 1],
        ]
    },

    '8d-preselection': {
        'elements': ['Pd', 'Pt', 'Bi', 'Sn', 'Fe', 'Ni', 'Co', 'Ru', 'In', 'Au', 'Pr', 'Mo'],
        'task_list': [
            [3, 1, 1, 0, 0, 0, 0, 0, 0, 0, 0, 0],
            [3, 1, 0, 1, 0, 0, 0, 0, 0, 0, 0, 0],
            [3, 1, 0, 0, 1, 0, 0, 0, 0, 0, 0, 0],
            [3, 1, 0, 0, 0, 1, 0, 0, 0, 0, 0, 0],
            [3, 1, 0, 0, 0, 0, 1, 0, 0, 0, 0, 0],
            [3, 1, 0, 0, 0, 0, 0, 1, 0, 0, 0, 0],
            [3, 1, 0, 0, 0, 0, 0, 0, 1, 0, 0, 0],
            [3, 1, 0, 0, 0, 0, 0, 0, 0, 1, 0, 0],
            [3, 1, 0, 0, 0, 0, 0, 0, 0, 0, 1, 0],
            [3, 1, 0, 0, 0, 0, 0, 0, 0, 0, 0, 1],
        ]
    },

    'Honda-OER': {
        'elements': ['Fe', 'Ni', 'Co'],
        'task_list': [
            [0, 1, 1],
            [0, 1, 1],
            # [0.0475, 0.005, 0.0475],
            # [0.045, 0.01, 0.045],
            # [0.033, 0.033, 0.033],
            # [0.025, 0.05, 0.025],
            # [0.01, 0.08, 0.01],

        ]
    },

    'CO2_fuel': {
        'elements': ['Cu'],
        'task_list': [
            [1],

        ]
    },

    '8d-trial': {
        'elements': ['Pd', 'Pt', 'Cu', 'Au', 'Ir', 'Ce', 'Nb', 'Cr'],
        'task_list': [
            [0.0647, 0.0000, 0.0000, 0.0000,  0.3421, 0.0000, 0.3550, 0.2382],
            [0.0000, 0.0000, 0.0088, 0.0429,  0.0000, 0.2434, 0.6548, 0.0501],
            [0.0136, 0.0624, 0.0000, 0.0000,  0.0000, 0.2210, 0.2560, 0.4469],
            [0.2363, 0.0000, 0.0000, 0.0744,  0.5677, 0.1216, 0.0000, 0.0000],
            [0.0000, 0.0000, 0.0111, 0.0000,  0.0000, 0.5818, 0.0900, 0.3171],
            [0.2322, 0.1331, 0.0000, 0.0000,  0.3304, 0.0000, 0.1759, 0.1284],
            [0.0000, 0.0000, 0.0000, 0.0000,  0.0000, 0.2575, 0.0756, 0.6670],
            [0.0000, 0.0000, 0.0748, 0.0000,  0.0920, 0.0000, 0.4180, 0.4152],
            [0.3656, 0.1914, 0.0000, 0.0000,  0.1168, 0.0000, 0.3178, 0.0083],
            [0.0000, 0.0000, 0.0000, 0.0000,  0.0000, 0.7171, 0.0721, 0.2108],
            [0.3651, 0.2373, 0.0405, 0.0000,  0.0000, 0.2328, 0.0000, 0.1243],
            [0.0975, 0.1382, 0.2960, 0.0446,  0.0000, 0.1311, 0.0000, 0.2927],
            [0.1051, 0.0761, 0.0107, 0.2354,  0.0000, 0.0146, 0.5581, 0.0000],
            [0.0541, 0.0327, 0.3370, 0.3315,  0.1109, 0.0000, 0.1338, 0.0000],
            [0.0394, 0.1022, 0.3116, 0.1304,  0.0374, 0.1450, 0.0000, 0.2341],
            [0.3382, 0.2651, 0.0250, 0.0000,  0.0883, 0.0000, 0.0000, 0.2834],
            [0.0014, 0.1076, 0.2062, 0.0000,  0.0278, 0.0000, 0.0000, 0.6571],
            [0.0000, 0.1090, 0.2428, 0.0252,  0.0000, 0.2331, 0.0089, 0.3810],
            [0.0000, 0.0000, 0.0000, 0.0000,  0.2983, 0.0000, 0.7017, 0.0000],
            [0.0854, 0.0000, 0.0000, 0.0000,  0.1492, 0.6695, 0.0958, 0.0000],

        ]
    },

    'MEA': {
        'elements': ['Pd', 'Pt', 'Cu', 'Au', 'Ir', 'Ce', 'Nb', 'Cr'],
        'task_list': [
              [0.0000, 0.0000, 0.0937, 0.0475, 0.2038, 0.3498, 0.0202, 0.2849],
              [0.3436, 0.1773, 0.0003, 0.0000, 0.0947, 0.1826, 0.1013, 0.1002],
              [0.1477, 0.0807, 0.1944, 0.2290, 0.1307, 0.0000, 0.1789, 0.0386],
              [0.0556, 0.1754, 0.1627, 0.0815, 0.0000, 0.3079, 0.1112, 0.1057],
              [0.1090, 0.0562, 0.1413, 0.0462, 0.1044, 0.2790, 0.0000, 0.2640],
              [0.1157, 0.0894, 0.2020, 0.2161, 0.1235, 0.0000, 0.2235, 0.0299],
              [0.1284, 0.0507, 0.0000, 0.0000, 0.2851, 0.2889, 0.1713, 0.0756],
              [0.3790, 0.1728, 0.0005, 0.0000, 0.0877, 0.1894, 0.1377, 0.0330],
              [0.2639, 0.0000, 0.0456, 0.0224, 0.4434, 0.0461, 0.0000, 0.1785],
              [0.2829, 0.1056, 0.0609, 0.0826, 0.2063, 0.0000, 0.2540, 0.0078],
              [0.0254, 0.0467, 0.1408, 0.0545, 0.0000, 0.2973, 0.2451, 0.1902],
              [0.1572, 0.1654, 0.1512, 0.0452, 0.1080, 0.0009, 0.2357, 0.1364],
              [0.0307, 0.0549, 0.1193, 0.0851, 0.2499, 0.2245, 0.0041, 0.2315],
              [0.3837, 0.1909, 0.0006, 0.0062, 0.0800, 0.1909, 0.1424, 0.0052],
              [0.1363, 0.0376, 0.0641, 0.1480, 0.2843, 0.0000, 0.3155, 0.0142],
              [0.0682, 0.1491, 0.2543, 0.0334, 0.0517, 0.0001, 0.0893, 0.3539],
              [0.0000, 0.0000, 0.1906, 0.1009, 0.1798, 0.1468, 0.1989, 0.1829],
              [0.0000, 0.0089, 0.2748, 0.1946, 0.0000, 0.1286, 0.3187, 0.0744],
              [0.1172, 0.0521, 0.2214, 0.0866, 0.2292, 0.1491, 0.0001, 0.1443],
              [0.1383, 0.2374, 0.1085, 0.0461, 0.0000, 0.2969, 0.0767, 0.0961],

        ]
    },

    'MEA_part': {
        'elements': ['Pd', 'Pt', 'Cu', 'Au', 'Ir', 'Ce', 'Nb', 'Cr'],
        'task_list': [
            [1, 1, 1, 1, 1, 1, 1, 1]
            # [0.446, 0.163, 0.018, 0.000, 0.096, 0.114, 0.163, 0.000],

        ]
    },
    'Honda_AL': {
        'elements': ['Fe', 'Ni', 'Co', 'Cr'],
        'task_list': [
            [0.5000, 0.5000, 0.0000, 0.0000],
            [0.3300, 0.3300, 0.3300, 0.0000],
            [0.0330, 0.0330, 0.6000, 0.3300],
            [0.0670, 0.3000, 0.3000, 0.3300],
            [0.3200, 0.0300, 0.3200, 0.3300],
            [0.0250, 0.0250, 0.4500, 0.5000],
            [0.0500, 0.2250, 0.2250, 0.5000],
            [0.2400, 0.0250, 0.2400, 0.5000],
            [0.0450, 0.0450, 0.8100, 0.1000],
            [0.0900, 0.4050, 0.4050, 0.1000],
            [0.4300, 0.0400, 0.4300, 0.1000],
            [0.0500, 0.0500, 0.9000, 0.0000],
            [0.1000, 0.4500, 0.4500, 0.0000],
            [0.4750, 0.0500, 0.4750, 0.0000],

        ]
    },
    'DARPA': {
        'elements': ['Pd', 'Bi', 'Sn'],
        'task_list': [
            [14, 0, 0],
            [13, 0, 1],
            [12, 0, 2],
            [11, 0, 3],
            [10, 0, 4],
            [9, 0, 5],
            [8, 0, 6],
            [7, 0, 7],
            [6, 0, 8],
            [5, 0, 9],
            [4, 0, 10],
            [3, 0, 11],
            [2, 0, 12],
            [1, 0, 13],
            [0, 0, 14],
            [13, 1, 0],
            [12, 1, 1],
            [11, 1, 2],
            [10, 1, 3],
            [9, 1, 4],
            # [8, 1, 5],
            # [7, 1, 6],
            # [6, 1, 7],
            # [5, 1, 8],
            # [4, 1, 9],
            # [3, 1, 10],
            # [2, 1, 11],
            # [1, 1, 12],
            # [0, 1, 13],
            # [0, 0, 0],
            # [12, 2, 0],
            # [11, 2, 1],
            # [10, 2, 2],
            # [9, 2, 3],
            # [8, 2, 4],
            # [7, 2, 5],
            # [6, 2, 6],
            # [5, 2, 7],
            # [4, 2, 8],
            # [3, 2, 9],
            # [2, 2, 10],

        ]
    },

    'hsu-model': {
        'elements': ['Pd', 'Pt', 'Cu', 'Au', 'Ir', 'Ce', 'Nb', 'Cr'],
        'task_list': [
            [0.0000, 0.0000, 0.0937, 0.0475, 0.2038, 0.3498, 0.0202, 0.2849],
            [0.3436, 0.1773, 0.0003, 0.0000, 0.0947, 0.1826, 0.1013, 0.1002],
            [0.1477, 0.0807, 0.1944, 0.2290, 0.1307, 0.0000, 0.1789, 0.0386],
            [0.0556, 0.1754, 0.1627, 0.0815, 0.0000, 0.3079, 0.1112, 0.1057],
            [0.1090, 0.0562, 0.1413, 0.0462, 0.1044, 0.2790, 0.0000, 0.2640],
            [0.1157, 0.0894, 0.2020, 0.2161, 0.1235, 0.0000, 0.2235, 0.0299],
            [0.1284, 0.0507, 0.0000, 0.0000, 0.2851, 0.2889, 0.1713, 0.0756],
            [0.3790, 0.1728, 0.0005, 0.0000, 0.0877, 0.1894, 0.1377, 0.0330],
            [0.2639, 0.0000, 0.0456, 0.0224, 0.4434, 0.0461, 0.0000, 0.1785],
            [0.2829, 0.1056, 0.0609, 0.0826, 0.2063, 0.0000, 0.2540, 0.0078],
            [0.0254, 0.0467, 0.1408, 0.0545, 0.0000, 0.2973, 0.2451, 0.1902],
            [0.1572, 0.1654, 0.1512, 0.0452, 0.1080, 0.0009, 0.2357, 0.1364],
            [0.0307, 0.0549, 0.1193, 0.0851, 0.2499, 0.2245, 0.0041, 0.2315],
            [0.3837, 0.1909, 0.0006, 0.0062, 0.0800, 0.1909, 0.1424, 0.0052],
            [0.1363, 0.0376, 0.0641, 0.1480, 0.2843, 0.0000, 0.3155, 0.0142],
            [0.0682, 0.1491, 0.2543, 0.0334, 0.0517, 0.0001, 0.0893, 0.3539],
            [0.0000, 0.0000, 0.1906, 0.1009, 0.1798, 0.1468, 0.1989, 0.1829],
            [0.0000, 0.0089, 0.2748, 0.1946, 0.0000, 0.1286, 0.3187, 0.0744],
            [0.1172, 0.0521, 0.2214, 0.0866, 0.2292, 0.1491, 0.0001, 0.1443],
            [0.1383, 0.2374, 0.1085, 0.0461, 0.0000, 0.2969, 0.0767, 0.0961],

        ]
    },

    'DARPA_2': {
        'elements': ['Fe', 'Ni', 'Co'],
        'task_list': [
               [9, 5, 0],
               [0, 11, 3],
        ]
    },

    'DARPA_16': {
        'elements': ['Ni', 'Fe', 'Bi'],
        'task_list': [
           [0.00, 0.00, 1.00],
           [0.00, 0.25, 0.75],
           [0.00, 0.50, 0.50],
           [0.00, 0.75, 0.25],
           [0.00, 1.00, 0.00],
           [0.25, 0.00, 0.75],
           [0.25, 0.25, 0.50],
           [0.25, 0.50, 0.25],
           [0.25, 0.75, 0.00],
           [0.50, 0.00, 0.50],
           [0.50, 0.25, 0.25],
           [0.50, 0.50, 0.00],
           [0.75, 0.00, 0.25],
           [0.75, 0.25, 0.00],
           [1.00, 0.00, 0.00],
        ]
    },

    'DARPA_3': {
        'elements': ['Fe', 'Ni', 'Co'],
        'task_list': [
            [1,  2,  11],
            [0,  2,  12],
            [11,   3,   0],
            [10,   3,   1],
            [9,  3,  2],
            [8,  3,  3],
            [7,  3,  4],
            [6,  3,  5],
            [5,  3,  6],
            [4,  3,  7],
            [3,  3,  8],
            [2,  3,  9],
            [1,  3,  10],
            [0,  3,  11],
            [10,   4,   0],
            [9,  4,  1],
            [8,  4,  2],
            [7,  4,  3],
            [6,  4,  4],
            [5,  4,  5],
        ]
    },

    'DARPA_4': {
        'elements': ['Pd', 'Ni', 'Co'],
        'task_list': [
            [0.0006, 0.6236, 0.3757],
            [0.0594, 0.9195, 0.0211],
            [0.3836, 0.2819, 0.3344],
            [0.5363, 0.2187, 0.2450],
            [0.2039, 0.4462, 0.3499],
            [0.1805, 0.2300, 0.5896],
            [0.4040, 0.5078, 0.0882],
            [0.5888, 0.0567, 0.3545],
            [0.1632, 0.5562, 0.2806],
            [0.1908, 0.3717, 0.4375],
            [0.4254, 0.4105, 0.1640],
            [0.3336, 0.1189, 0.5475],
            [0.2997, 0.5424, 0.1579],
            [0.4679, 0.0507, 0.4814],
            [0.3450, 0.3093, 0.3457],
        ]
    },

    'DARPA_5': {
        'elements': ['Bi', 'Ni', 'Co'],
        'task_list': [
            [0.7102, 0.2201, 0.0697],
            [0.0546, 0.5208, 0.4246],
            [0.1051, 0.0092, 0.8857],
            [0.4968, 0.3053, 0.1979],
            [0.3516, 0.1432, 0.5053],
            [0.3595, 0.6106, 0.0299],
            [0.3180, 0.4287, 0.2533],
            [0.2656, 0.4510, 0.2834],
            [0.6850, 0.1839, 0.1311],
            [0.1201, 0.3522, 0.5278],
            [0.2480, 0.4225, 0.3295],
            [0.3642, 0.2887, 0.3471],
            [0.5861, 0.0880, 0.3259],
            [0.2326, 0.3787, 0.3887],
            [0.3035, 0.1224, 0.5742],
        ]
    },

    'DARPA_6': {
        'elements': ['Bi', 'Ni', 'Sn'],
        'task_list': [
            # [0.0000, 0.0000, 1.0000],
            [0.5000, 0.5000, 0.0000],
            [0.7500, 0.2500, 0.0000],
            [0.2500, 0.7500, 0.0000],
            [0.3750, 0.3750, 0.2500],
            [0.6250, 0.1250, 0.2500],
            [0.1250, 0.6250, 0.2500],
            [0.1875, 0.3125, 0.5000],
            [0.9375, 0.0625, 0.0000],
            [0.4375, 0.5625, 0.0000],
            [0.3125, 0.1875, 0.5000],
            [0.5625, 0.4375, 0.0000],
            [0.0625, 0.9375, 0.0000],
            [0.0938, 0.4688, 0.4375],
            [0.4688, 0.0938, 0.4375],
            [0.1563, 0.1563, 0.6875],
            [0.2813, 0.2813, 0.4375],
            [0.5313, 0.0313, 0.4375],
            [0.0313, 0.5313, 0.4375],
            [0.0469, 0.2656, 0.6875],
        ]
    },

    'ECSA_compute': {
        'elements': ['Fe', 'Ni', 'Co'],
        'task_list': [
            [13, 1, 0],
            [12, 1, 1],
            [9, 5, 0],
            [8, 6, 0],
            [4, 10, 0],
            [1, 7, 6],
            [1, 8, 5],
            [0, 8, 6],
            [1, 10, 3],
            [0, 11, 3],

        ]
    },

    'DARPA_7': {
        'elements': ['Cr', 'Ni', 'Co'],
        'task_list': [
            [1.0000, 0.0000, 0],
            [0.5000, 0.5000, 0.0000],
            [0.7500, 0.2500, 0.0000],
            [0.2500, 0.7500, 0.0000],
            [0.3750, 0.3750, 0.2500],
            [0.6250, 0.1250, 0.2500],
            [0.1250, 0.6250, 0.2500],
            [0.1875, 0.3125, 0.5000],
            [0.9375, 0.0625, 0.0000],
            [0.4375, 0.5625, 0.0000],
            [0.3125, 0.1875, 0.5000],
            [0.5625, 0.4375, 0.0000],
            [0.0625, 0.9375, 0.0000],
            [0.0938, 0.4688, 0.4375],
            [0.4688, 0.0938, 0.4375],
            [0.1563, 0.1563, 0.6875],
            [0.2813, 0.2813, 0.4375],
            [0.5313, 0.0313, 0.4375],
            [0.0313, 0.5313, 0.4375],
            [0.0469, 0.2656, 0.6875],
        ]
    },

    'DARPA_8': {
        'elements': ['Cr', 'Fe', 'Bi'],
        'task_list': [
            [0.5000, 0.5000, 0.0000],
            [0.7500, 0.2500, 0.0000],
            [0.2500, 0.7500, 0.0000],
            [0.3750, 0.3750, 0.2500],
            [0.6250, 0.1250, 0.2500],
            [0.1250, 0.6250, 0.2500],
            [0.1875, 0.3125, 0.5000],
            [0.9375, 0.0625, 0.0000],
            [0.4375, 0.5625, 0.0000],
            [0.3125, 0.1875, 0.5000],
            [0.5625, 0.4375, 0.0000],
            [0.0625, 0.9375, 0.0000],
            [0.0938, 0.4688, 0.4375],
            [0.4688, 0.0938, 0.4375],
            [0.1563, 0.1563, 0.6875],
            [0.2813, 0.2813, 0.4375],
            [0.5313, 0.0313, 0.4375],
            [0.0313, 0.5313, 0.4375],
            [0.0469, 0.2656, 0.6875],
        ]
    },
    'DARPA_9': {
        'elements': ['Fe', 'Ni', 'Co'],
        'task_list': [
            # [4,	4,	6],
            # [3,	4,	7],
            # [2,	4,	8],
            # [1,	4,	9],
            # [0,	4,	10],
            # [9,	5,	0],
            # [8,	5,	1],
            # [7,	5,	2],
            # [6,	5,	3],
            # [5,	5,	4],
            # [4,	5,	5],
            # [3,	5,	6],
            # [2,	5,	7],
            # [1,	5,	8],
            # [0,	5,	9],
            # [8,	6,	0],
            # [7,	6,	1],
            # [6,	6,	2],
            # [5,	6,	3],
            # [4,	6,	4],
            [3,	6,	5],
            [2,	6,	6],
            [1,	6,	7],
            [0,	6,	8],
            [7,	7,	0],
            [6,	7,	1],
            [5,	7,	2],
            [4,	7,	3],
            [3,	7,	4],
            [2,	7,	5],
            [1,	7,	6],
            [0,	7,	7],
            [6,	8,	0],
            [5,	8,	1],
            [4,	8,	2],
            [3,	8,	3],
            [2,	8,	4],
            [1,	8,	5],
            [0,	8,	6],
            [5,	9,	0],
            # [4,	9,	1],
            # [3,	9,	2],
            # [2,	9,	3],
            # [1,	9,	4],
            # [0,	9,	5],
            # [4,	10, 0],
            # [3,	10,	1],
            # [2,	10,	2],
            # [1,	10,	3],
            # [0,	10,	4],
            # [3,	11,	0],
            # [2,	11,	1],
            # [1,	11,	2],
            # [0,	11,	3],
            # [2,	12,	0],
            # [1,	12,	1],
            # [0,	12,	2],
            # [1,	13,	0],
            # [0,	13,	1],
            # [0,	14,	0],
        ]
    },
    'binary': {
        'elements': ['Pd', 'Pt'],
        'task_list': [
            [1, 1],
            [2, 1],

        ]
    },
    'darpa-hea': {
        'elements': ['Pd', 'Fe', 'Co'],
        'task_list': [
            [0.29, 0.34, 0.36],
            [0.28, 0.39, 0.33],
            [0.26, 0.39, 0.35],
            [0.23, 0.37, 0.39],
            [0.18, 0.47, 0.35],
            [0.39, 0.13, 0.48],
            [0.29, 0.15, 0.55],
            [0.50, 0.11, 0.39],
            [0.57, 0.32, 0.12],
            [0.38, 0.09, 0.53],
            [0.13, 0.21, 0.66],
            [0.16, 0.17, 0.67],
            [0.68, 0.21, 0.11],
            [0.69, 0.22, 0.09],
            [0.18, 0.11, 0.71],
            [0.07, 0.20, 0.74],
            [0.05, 0.19, 0.76],
            [0.20, 0.04, 0.77],
            [0.10, 0.82, 0.09],
            [0.24, 0.00, 0.76],
        ]
    },
}
